8 0.500000 0.577586 0.201149 0.258621
8 0.247126 0.344828 0.212644 0.155172
8 0.795977 0.492816 0.258621 0.175287
8 0.466954 0.215517 0.163793 0.178161
8 0.850575 0.708333 0.178161 0.181034
8 0.245690 0.784483 0.215517 0.189655
8 0.271552 0.126437 0.192529 0.195402
8 0.682471 0.385057 0.192529 0.166667
8 0.889368 0.882184 0.221264 0.229885
8 0.176724 0.241379 0.232759 0.166667
8 0.103448 0.403736 0.201149 0.140805
8 0.199713 0.512931 0.175287 0.135057
8 0.323276 0.599138 0.227011 0.181034
8 0.422414 0.416667 0.206897 0.155172
8 0.642241 0.830460 0.232759 0.160920
