31 0.428161 0.425287 0.287356 0.149425
31 0.586207 0.659483 0.241379 0.227011
31 0.219828 0.751437 0.278736 0.135057
31 0.501437 0.100575 0.175287 0.183908
31 0.228448 0.290230 0.186782 0.160920
31 0.751437 0.533046 0.152299 0.267241
31 0.158046 0.890805 0.224138 0.212644
31 0.721264 0.239943 0.189655 0.192529
31 0.247126 0.576149 0.195402 0.152299
31 0.903736 0.676724 0.186782 0.261494
31 0.170977 0.145115 0.152299 0.135057
31 0.711207 0.068966 0.198276 0.132184
31 0.902299 0.428161 0.178161 0.155172
