0 0.497126 0.416667 0.212644 0.195402
0 0.639368 0.147989 0.181034 0.198276
0 0.132184 0.689655 0.195402 0.166667
0 0.386494 0.899425 0.227011 0.201149
0 0.747126 0.455460 0.201149 0.181034
0 0.212644 0.176724 0.201149 0.146552
0 0.181034 0.356322 0.183908 0.137931
0 0.304598 0.466954 0.183908 0.146552
0 0.775862 0.287356 0.166667 0.149425
0 0.808908 0.103448 0.169540 0.189655
0 0.084770 0.864943 0.163793 0.183908
0 0.409483 0.727011 0.198276 0.149425
0 0.715517 0.622126 0.172414 0.158046
0 0.691092 0.781609 0.181034 0.172414
