26 0.275862 0.468391 0.114943 0.103448
26 0.451149 0.340517 0.114943 0.083333
26 0.461207 0.580460 0.117816 0.126437
26 0.471264 0.750000 0.137931 0.120690
26 0.757184 0.737069 0.112069 0.117816
26 0.741379 0.370690 0.103448 0.091954
26 0.619253 0.431034 0.100575 0.091954
26 0.211207 0.557471 0.117816 0.097701
26 0.183908 0.772989 0.126437 0.103448
26 0.248563 0.862069 0.135057 0.126437
26 0.298851 0.298851 0.097701 0.086207
26 0.564655 0.251437 0.094828 0.089080
26 0.633621 0.594828 0.100575 0.103448
