27 0.301724 0.350575 0.149425 0.143678
27 0.574713 0.290230 0.114943 0.114943
27 0.831897 0.553161 0.158046 0.146552
27 0.831897 0.352011 0.117816 0.112069
27 0.830460 0.234195 0.126437 0.152299
27 0.389368 0.252874 0.112069 0.080460
27 0.393678 0.574713 0.160920 0.103448
27 0.185345 0.159483 0.135057 0.117816
27 0.096264 0.416667 0.169540 0.120690
27 0.665230 0.116379 0.117816 0.094828
27 0.686782 0.577586 0.132184 0.120690
27 0.399425 0.926724 0.132184 0.135057
27 0.214080 0.870690 0.129310 0.183908
27 0.755747 0.932471 0.132184 0.123563
